topic 1 1515486594.39 349
topic 1 1515486594.59 168
topic 1 1515486594.96 818
topic 1 1515486595.19 207
topic 1 1515486595.39 932
topic 1 1515486595.65 492
topic 1 1515486595.82 335
topic 1 1515486595.94 1000
topic 1 1515486596.07 785
topic 1 1515486596.4 938
topic 1 1515486596.79 488
topic 1 1515486596.98 423
topic 1 1515486597.23 87
topic 1 1515486597.54 254
topic 1 1515486597.73 28
topic 1 1515486597.97 463
topic 1 1515486598.14 666
topic 1 1515486598.24 125
topic 1 1515486598.56 556
topic 1 1515486598.95 864
topic 1 1515486599.07 652
topic 1 1515486599.17 525
topic 1 1515486599.59 750
topic 1 1515486599.71 517
topic 1 1515486599.81 84
topic 1 1515486599.91 257
topic 1 1515486600.18 245
topic 1 1515486600.45 704
topic 1 1515486600.55 959
topic 1 1515486600.81 842
topic 1 1515486600.93 182
topic 1 1515486601.03 952
topic 1 1515486601.13 699
topic 1 1515486601.23 98
topic 1 1515486601.64 217
topic 1 1515486601.75 65
topic 1 1515486601.85 936
topic 1 1515486602.12 705
topic 1 1515486602.27 722
topic 1 1515486602.41 505
topic 1 1515486602.53 708
topic 1 1515486603.02 505
topic 1 1515486603.33 178
topic 1 1515486603.65 47
topic 1 1515486604.01 925
topic 1 1515486604.49 234
topic 1 1515486604.62 434
topic 1 1515486604.97 984
topic 1 1515486605.23 472
topic 1 1515486605.36 537
topic 1 1515486605.59 923
topic 1 1515486605.91 829
topic 1 1515486606.09 362
topic 1 1515486606.37 888
topic 1 1515486606.71 14
topic 1 1515486607.01 178
topic 1 1515486607.49 28
topic 1 1515486607.7 307
topic 1 1515486607.99 758
topic 1 1515486608.24 383
topic 1 1515486608.46 178
topic 1 1515486608.59 401
topic 1 1515486608.69 714
topic 1 1515486608.82 964
topic 1 1515486609.12 450
topic 1 1515486609.29 959
topic 1 1515486609.75 812
topic 1 1515486609.98 139
topic 1 1515486610.09 768
topic 1 1515486610.19 455
topic 1 1515486610.56 417
topic 1 1515486610.81 435
topic 1 1515486611.15 854
topic 1 1515486611.56 596
topic 1 1515486611.91 730
topic 1 1515486612.29 948
topic 1 1515486612.55 239
topic 1 1515486612.9 666
topic 1 1515486613.2 88
topic 1 1515486613.3 783
topic 1 1515486613.75 825
topic 1 1515486613.95 163
topic 1 1515486614.29 741
topic 1 1515486614.73 207
topic 1 1515486615.2 50
topic 1 1515486615.54 143
topic 1 1515486615.9 636
topic 1 1515486616.3 954
topic 1 1515486616.47 997
topic 1 1515486616.71 972
topic 1 1515486617.1 590
topic 1 1515486617.26 815
topic 1 1515486617.36 494
topic 1 1515486617.53 597
topic 1 1515486617.71 153
topic 1 1515486617.83 349
topic 1 1515486618.21 123
topic 1 1515486618.41 473
topic 1 1515486618.9 360
topic 1 1515486619.41 104
topic 1 1515486619.82 302
topic 1 1515486620.03 591
topic 1 1515486620.41 582
topic 1 1515486620.52 104
topic 1 1515486620.87 184
topic 1 1515486621.06 389
topic 1 1515486621.43 956
topic 1 1515486621.78 253
topic 1 1515486621.92 457
topic 1 1515486622.37 367
topic 1 1515486622.5 454
topic 1 1515486622.72 884
topic 1 1515486622.92 41
topic 1 1515486623.02 721
topic 1 1515486623.31 450
topic 1 1515486623.45 29
topic 1 1515486623.71 245
topic 1 1515486624.17 689
topic 1 1515486624.28 222
topic 1 1515486624.38 124
topic 1 1515486624.58 88
topic 1 1515486624.95 351
topic 1 1515486625.07 489
topic 1 1515486625.23 355
topic 1 1515486625.54 393
topic 1 1515486625.69 224
topic 1 1515486625.99 335
topic 1 1515486626.09 1022
topic 1 1515486626.19 905
topic 1 1515486626.59 328
topic 1 1515486626.91 445
topic 1 1515486627.21 222
topic 1 1515486627.37 413
topic 1 1515486627.73 490
topic 1 1515486627.85 465
topic 1 1515486627.95 352
topic 1 1515486628.06 773
topic 1 1515486628.46 510
topic 1 1515486628.59 387
topic 1 1515486628.69 385
topic 1 1515486629.13 802
topic 1 1515486629.33 902
topic 1 1515486629.67 88
topic 1 1515486630.02 370
topic 1 1515486630.4 528
topic 1 1515486630.63 854
topic 1 1515486631.01 905
topic 1 1515486631.22 820
topic 1 1515486631.61 655
topic 1 1515486631.9 489
topic 1 1515486632.21 790
topic 1 1515486632.32 796
topic 1 1515486632.43 179
topic 1 1515486632.58 564
topic 1 1515486632.97 340
topic 1 1515486633.22 628
topic 1 1515486633.52 271
topic 1 1515486633.74 408
topic 1 1515486634.22 926
topic 1 1515486634.55 188
topic 1 1515486634.91 386
topic 1 1515486635.01 392
topic 1 1515486635.11 610
topic 1 1515486635.46 781
topic 1 1515486635.61 978
topic 1 1515486635.83 208
topic 1 1515486636.38 181
topic 1 1515486636.53 196
topic 1 1515486636.86 324
topic 1 1515486637.18 129
topic 1 1515486637.55 675
topic 1 1515486637.83 215
topic 1 1515486638.04 555
topic 1 1515486638.21 72
topic 1 1515486638.57 366
topic 1 1515486638.88 668
topic 1 1515486639.0 129
topic 1 1515486639.11 339
topic 1 1515486639.34 297
topic 1 1515486639.73 444
topic 1 1515486639.84 925
topic 1 1515486639.99 171
topic 1 1515486640.12 825
topic 1 1515486640.3 278
topic 1 1515486640.7 1013
topic 1 1515486641.07 403
topic 1 1515486641.24 309
topic 1 1515486641.34 461
topic 1 1515486641.64 784
topic 1 1515486641.97 528
topic 1 1515486642.33 381
topic 1 1515486642.43 119
topic 1 1515486642.67 453
topic 1 1515486643.08 908
topic 1 1515486643.18 174
topic 1 1515486643.44 351
topic 1 1515486643.84 652
topic 1 1515486644.15 204
topic 1 1515486644.33 916
topic 1 1515486644.63 41
topic 1 1515486644.83 132
topic 1 1515486645.14 178
topic 1 1515486645.59 143
topic 1 1515486645.88 323
topic 1 1515486646.04 322
topic 1 1515486646.45 464
topic 1 1515486646.76 158
topic 1 1515486646.87 45
topic 1 1515486647.33 532
topic 1 1515486647.77 358
topic 1 1515486647.88 368
topic 1 1515486648.34 351
topic 1 1515486648.77 69
topic 1 1515486648.9 785
topic 1 1515486649.1 937
topic 1 1515486649.25 295
topic 1 1515486649.7 48
topic 1 1515486649.96 577
topic 1 1515486650.14 912
topic 1 1515486650.25 976
topic 1 1515486650.52 753
topic 1 1515486650.84 453
topic 1 1515486650.94 822
topic 1 1515486651.17 706
topic 1 1515486651.47 809
topic 1 1515486651.89 916
topic 1 1515486652.05 649
topic 1 1515486652.31 960
topic 1 1515486652.76 702
topic 1 1515486652.92 602
topic 1 1515486653.36 67
topic 1 1515486653.51 1
topic 1 1515486653.85 623
topic 1 1515486654.0 485
topic 1 1515486654.1 33
topic 1 1515486654.26 411
topic 1 1515486654.58 119
topic 1 1515486654.74 112
topic 1 1515486655.06 908
topic 1 1515486655.16 767
topic 1 1515486655.31 729
topic 1 1515486655.57 145
topic 1 1515486655.89 19
topic 1 1515486656.04 724
topic 1 1515486656.2 924
topic 1 1515486656.56 125
topic 1 1515486656.9 466
topic 1 1515486657.08 986
topic 1 1515486657.32 685
topic 1 1515486657.48 842
topic 1 1515486657.91 913
topic 1 1515486658.38 751
topic 1 1515486658.6 638
topic 1 1515486658.9 907
topic 1 1515486659.12 792
topic 1 1515486659.53 781
topic 1 1515486659.72 239
topic 1 1515486660.0 468
topic 1 1515486660.11 803
topic 1 1515486660.36 383
topic 1 1515486660.5 948
topic 1 1515486660.83 379
topic 1 1515486661.23 582
topic 1 1515486661.33 22
topic 1 1515486661.52 833
topic 1 1515486661.77 699
topic 1 1515486662.08 829
topic 1 1515486662.34 931
topic 1 1515486662.48 109
topic 1 1515486662.58 586
topic 1 1515486662.69 294
topic 1 1515486662.99 349
topic 1 1515486663.3 344
topic 1 1515486663.75 198
topic 1 1515486663.85 740
topic 1 1515486664.01 127
topic 1 1515486664.2 433
topic 1 1515486664.33 769
topic 1 1515486664.45 65
topic 1 1515486664.55 70
topic 1 1515486664.8 728
topic 1 1515486665.22 127
topic 1 1515486665.43 158
topic 1 1515486665.54 372
topic 1 1515486665.9 179
topic 1 1515486666.39 798
topic 1 1515486666.58 680
topic 1 1515486666.69 557
topic 1 1515486666.79 324
topic 1 1515486667.15 729
topic 1 1515486667.52 336
topic 1 1515486667.96 110
topic 1 1515486668.09 390
topic 1 1515486668.51 224
topic 1 1515486668.88 601
topic 1 1515486669.29 297
topic 1 1515486669.67 562
topic 1 1515486669.84 600
topic 1 1515486669.97 574
topic 1 1515486670.15 697
topic 1 1515486670.45 575
topic 1 1515486670.69 923
topic 1 1515486670.8 565
topic 1 1515486671.04 1004
topic 1 1515486671.15 227
topic 1 1515486671.25 514
topic 1 1515486671.67 675
topic 1 1515486672.03 472
topic 1 1515486672.34 610
topic 1 1515486672.49 493
topic 1 1515486672.74 440
topic 1 1515486672.94 180
topic 1 1515486673.16 229
topic 1 1515486673.41 532
topic 1 1515486673.52 613
topic 1 1515486673.63 1014
topic 1 1515486673.86 532
topic 1 1515486674.14 115
topic 1 1515486674.26 915
topic 1 1515486674.36 304
topic 1 1515486674.63 37
topic 1 1515486675.0 862
topic 1 1515486675.15 504
topic 1 1515486675.42 784
topic 1 1515486675.9 14
topic 1 1515486676.19 114
topic 1 1515486676.62 916
topic 1 1515486676.93 909
topic 1 1515486677.17 776
topic 1 1515486677.32 973
topic 1 1515486677.6 364
topic 1 1515486677.7 451
topic 1 1515486677.98 753
topic 1 1515486678.09 1020
topic 1 1515486678.34 296
topic 1 1515486678.77 807
topic 1 1515486679.1 397
topic 1 1515486679.24 366
topic 1 1515486679.44 359
topic 1 1515486679.66 213
topic 1 1515486680.01 365
topic 1 1515486680.17 347
topic 1 1515486680.58 210
topic 1 1515486680.75 364
topic 1 1515486681.1 542
topic 1 1515486681.29 616
topic 1 1515486681.67 768
topic 1 1515486681.87 125
topic 1 1515486682.14 16
topic 1 1515486682.25 689
topic 1 1515486682.35 844
topic 1 1515486682.56 634
topic 1 1515486682.99 1024
topic 1 1515486683.12 147
topic 1 1515486683.58 206
topic 1 1515486683.7 549
topic 1 1515486683.81 659
topic 1 1515486683.97 109
topic 1 1515486684.36 472
topic 1 1515486684.74 732
topic 1 1515486684.84 658
topic 1 1515486684.94 368
topic 1 1515486685.06 438
topic 1 1515486685.31 955
topic 1 1515486685.5 520
topic 1 1515486685.74 952
topic 1 1515486685.94 903
topic 1 1515486686.14 744
topic 1 1515486686.32 361
topic 1 1515486686.59 842
topic 1 1515486686.87 1019
topic 1 1515486687.01 705
topic 1 1515486687.25 687
topic 1 1515486687.4 702
topic 1 1515486687.73 967
topic 1 1515486688.05 340
topic 1 1515486688.51 208
topic 1 1515486688.65 241
topic 1 1515486689.03 564
topic 1 1515486689.15 982
topic 1 1515486689.44 97
topic 1 1515486689.8 625
topic 1 1515486690.08 653
topic 1 1515486690.39 278
topic 1 1515486690.54 649
topic 1 1515486690.88 820
topic 1 1515486691.1 303
topic 1 1515486691.24 712
topic 1 1515486691.5 420
topic 1 1515486691.82 57
topic 1 1515486691.94 949
topic 1 1515486692.09 702
topic 1 1515486692.24 883
topic 1 1515486692.69 447
topic 1 1515486692.92 32
topic 1 1515486693.22 721
topic 1 1515486693.61 979
topic 1 1515486693.75 224
topic 1 1515486694.07 189
topic 1 1515486694.17 661
topic 1 1515486694.3 755
topic 1 1515486694.43 772
topic 1 1515486694.62 439
topic 1 1515486695.0 982
topic 1 1515486695.18 307
topic 1 1515486695.28 423
topic 1 1515486695.64 467
topic 1 1515486695.74 71
topic 1 1515486695.84 1024
topic 1 1515486696.18 538
topic 1 1515486696.6 348
topic 1 1515486696.82 689
topic 1 1515486697.03 952
topic 1 1515486697.4 862
topic 1 1515486697.7 724
topic 1 1515486697.81 39
topic 1 1515486697.91 1005
topic 1 1515486698.23 45
topic 1 1515486698.43 116
topic 1 1515486698.53 490
topic 1 1515486698.63 709
topic 1 1515486698.78 238
topic 1 1515486699.11 311
topic 1 1515486699.46 981
topic 1 1515486699.79 754
topic 1 1515486700.16 388
topic 1 1515486700.46 199
topic 1 1515486700.65 572
topic 1 1515486700.77 124
topic 1 1515486701.05 993
topic 1 1515486701.49 833
topic 1 1515486701.81 161
topic 1 1515486701.95 324
topic 1 1515486702.18 831
topic 1 1515486702.66 549
topic 1 1515486703.08 351
topic 1 1515486703.2 15
topic 1 1515486703.62 420
topic 1 1515486703.74 582
topic 1 1515486704.08 669
topic 1 1515486704.18 912
topic 1 1515486704.31 358
topic 1 1515486704.65 885
topic 1 1515486704.79 179
topic 1 1515486705.14 462
topic 1 1515486705.35 594
topic 1 1515486705.73 496
topic 1 1515486706.17 542
topic 1 1515486706.27 814
topic 1 1515486706.53 227
topic 1 1515486706.92 717
topic 1 1515486707.13 192
topic 1 1515486707.24 190
topic 1 1515486707.34 394
topic 1 1515486707.44 293
topic 1 1515486707.65 534
topic 1 1515486708.03 904
topic 1 1515486708.36 1011
topic 1 1515486708.61 460
topic 1 1515486708.84 726
topic 1 1515486709.32 606
topic 1 1515486709.76 111
topic 1 1515486709.87 980
topic 1 1515486710.26 638
topic 1 1515486710.66 925
topic 1 1515486711.1 257
topic 1 1515486711.21 87
topic 1 1515486711.58 104
topic 1 1515486712.01 53
topic 1 1515486712.11 498
topic 1 1515486712.39 831
topic 1 1515486712.76 236
topic 1 1515486713.01 766
topic 1 1515486713.11 756
topic 1 1515486713.32 930
topic 1 1515486713.45 919
topic 1 1515486713.75 845
topic 1 1515486713.93 917
topic 1 1515486714.46 529
topic 1 1515486714.86 557
topic 1 1515486715.22 783
topic 1 1515486715.69 494
topic 1 1515486716.06 896
topic 1 1515486716.36 872
topic 1 1515486716.54 304
topic 1 1515486716.74 346
topic 1 1515486716.89 20
topic 1 1515486717.18 461
topic 1 1515486717.39 301
topic 1 1515486717.75 163
topic 1 1515486717.98 991
topic 1 1515486718.32 723
topic 1 1515486718.46 771
topic 1 1515486718.56 707
topic 1 1515486718.87 891
topic 1 1515486718.98 430
topic 1 1515486719.08 532
topic 1 1515486719.3 361
topic 1 1515486719.42 607
topic 1 1515486719.73 23
topic 1 1515486719.84 546
topic 1 1515486720.11 789
topic 1 1515486720.52 207
topic 1 1515486720.77 165
topic 1 1515486721.01 413
topic 1 1515486721.13 495
topic 1 1515486721.23 382
topic 1 1515486721.5 799
topic 1 1515486721.84 447
topic 1 1515486722.17 927
topic 1 1515486722.38 469
topic 1 1515486722.69 624
topic 1 1515486722.87 1005
topic 1 1515486723.15 725
topic 1 1515486723.25 476
topic 1 1515486723.44 482
topic 1 1515486723.55 1021
topic 1 1515486723.82 422
topic 1 1515486724.29 305
topic 1 1515486724.6 485
topic 1 1515486724.9 158
topic 1 1515486725.11 355
topic 1 1515486725.34 911
topic 1 1515486725.77 392
topic 1 1515486726.22 263
topic 1 1515486726.4 586
topic 1 1515486726.81 898
topic 1 1515486727.12 718
topic 1 1515486727.39 719
topic 1 1515486727.69 882
topic 1 1515486727.92 369
topic 1 1515486728.34 114
topic 1 1515486728.46 731
topic 1 1515486728.57 447
topic 1 1515486728.94 816
topic 1 1515486729.15 122
topic 1 1515486729.45 998
topic 1 1515486729.63 186
topic 1 1515486730.05 952
topic 1 1515486730.44 747
topic 1 1515486730.85 467
topic 1 1515486731.05 375
topic 1 1515486731.4 596
topic 1 1515486731.67 592
topic 1 1515486732.02 52
topic 1 1515486732.35 705
topic 1 1515486732.51 740
topic 1 1515486732.72 873
topic 1 1515486732.83 19
topic 1 1515486732.97 919
topic 1 1515486733.2 18
topic 1 1515486733.57 480
topic 1 1515486733.82 958
topic 1 1515486733.93 317
topic 1 1515486734.11 20
topic 1 1515486734.41 302
topic 1 1515486734.51 845
topic 1 1515486734.66 361
topic 1 1515486734.92 929
topic 1 1515486735.25 272
topic 1 1515486735.76 241
topic 1 1515486736.04 270
topic 1 1515486736.37 243
topic 1 1515486736.72 718
topic 1 1515486736.93 978
topic 1 1515486737.21 714
topic 1 1515486737.31 227
topic 1 1515486737.45 385
topic 1 1515486737.79 301
topic 1 1515486738.06 811
topic 1 1515486738.17 571
topic 1 1515486738.45 926
topic 1 1515486738.57 525
topic 1 1515486738.89 824
topic 1 1515486739.1 322
topic 1 1515486739.26 843
topic 1 1515486739.37 22
topic 1 1515486739.71 838
topic 1 1515486740.01 384
topic 1 1515486740.13 415
topic 1 1515486740.55 765
topic 1 1515486740.79 681
topic 1 1515486741.11 565
topic 1 1515486741.36 157
topic 1 1515486741.58 155
topic 1 1515486741.82 993
topic 1 1515486741.96 875
topic 1 1515486742.34 377
topic 1 1515486742.72 340
topic 1 1515486742.82 571
topic 1 1515486743.18 758
topic 1 1515486743.47 681
topic 1 1515486743.71 53
topic 1 1515486744.09 318
topic 1 1515486744.36 695
topic 1 1515486744.77 468
topic 1 1515486745.2 228
topic 1 1515486745.31 141
topic 1 1515486745.59 177
topic 1 1515486745.78 51
topic 1 1515486745.89 505
topic 1 1515486746.18 650
topic 1 1515486746.56 971
topic 1 1515486746.94 427
topic 1 1515486747.16 669
topic 1 1515486747.51 834
topic 1 1515486747.8 247
topic 1 1515486748.19 727
topic 1 1515486748.42 907
topic 1 1515486748.7 128
topic 1 1515486749.12 338
topic 1 1515486749.34 669
topic 1 1515486749.55 704
topic 1 1515486749.79 241
topic 1 1515486750.06 982
topic 1 1515486750.18 62
topic 1 1515486750.28 450
topic 1 1515486750.39 568
topic 1 1515486750.49 400
topic 1 1515486750.79 535
topic 1 1515486751.16 566
topic 1 1515486751.53 288
topic 1 1515486751.73 919
topic 1 1515486752.02 956
topic 1 1515486752.31 38
topic 1 1515486752.54 199
topic 1 1515486752.89 465
topic 1 1515486753.2 844
topic 1 1515486753.54 541
topic 1 1515486753.64 399
topic 1 1515486753.79 20
topic 1 1515486753.92 523
topic 1 1515486754.33 889
topic 1 1515486754.74 859
topic 1 1515486755.17 860
topic 1 1515486755.32 812
topic 1 1515486755.62 427
topic 1 1515486755.84 615
topic 1 1515486755.94 496
topic 1 1515486756.13 234
topic 1 1515486756.24 50
topic 1 1515486756.39 650
topic 1 1515486756.85 330
topic 1 1515486757.01 399
topic 1 1515486757.36 382
topic 1 1515486757.89 332
topic 1 1515486758.37 233
topic 1 1515486758.81 682
topic 1 1515486759.38 417
topic 1 1515486759.63 107
topic 1 1515486759.74 1023
topic 1 1515486759.84 237
topic 1 1515486760.01 683
topic 1 1515486760.43 212
topic 1 1515486760.89 806
topic 1 1515486761.24 637
topic 1 1515486761.39 196
topic 1 1515486761.8 35
topic 1 1515486762.2 219
topic 1 1515486762.48 458
topic 1 1515486762.76 329
topic 1 1515486762.99 754
topic 1 1515486763.3 852
topic 1 1515486763.62 235
topic 1 1515486764.03 179
topic 1 1515486764.13 398
topic 1 1515486764.23 501
topic 1 1515486764.4 251
topic 1 1515486764.71 445
topic 1 1515486764.9 203
topic 1 1515486765.03 323
topic 1 1515486765.13 86
topic 1 1515486765.28 472
topic 1 1515486765.62 319
topic 1 1515486765.89 558
topic 1 1515486766.09 754
topic 1 1515486766.44 237
topic 1 1515486766.58 756
topic 1 1515486766.98 248
topic 1 1515486767.16 523
topic 1 1515486767.48 388
topic 1 1515486767.65 940
topic 1 1515486768.1 473
topic 1 1515486768.35 65
topic 1 1515486768.45 672
topic 1 1515486768.55 432
topic 1 1515486768.71 617
topic 1 1515486768.88 90
topic 1 1515486769.38 925
topic 1 1515486769.49 62
topic 1 1515486769.82 325
topic 1 1515486769.93 869
topic 1 1515486770.28 566
topic 1 1515486770.39 952
topic 1 1515486770.49 582
topic 1 1515486770.62 271
topic 1 1515486770.94 629
topic 1 1515486771.26 374
topic 1 1515486771.37 880
topic 1 1515486771.78 611
topic 1 1515486772.02 411
topic 1 1515486772.13 220
topic 1 1515486772.47 303
topic 1 1515486772.6 682
topic 1 1515486772.7 323
topic 1 1515486772.8 837
topic 1 1515486773.22 940
topic 1 1515486773.36 514
topic 1 1515486773.58 65
topic 1 1515486773.79 963
topic 1 1515486773.96 247
topic 1 1515486774.23 805
topic 1 1515486774.34 319
topic 1 1515486774.44 706
topic 1 1515486774.71 259
topic 1 1515486775.03 938
topic 1 1515486775.18 926
topic 1 1515486775.5 427
topic 1 1515486775.77 803
topic 1 1515486775.98 438
topic 1 1515486776.47 673
topic 1 1515486776.65 241
topic 1 1515486776.91 181
topic 1 1515486777.02 257
topic 1 1515486777.4 256
topic 1 1515486777.8 67
topic 1 1515486778.1 791
topic 1 1515486778.47 772
topic 1 1515486778.66 971
topic 1 1515486778.83 265
topic 1 1515486779.15 651
topic 1 1515486779.26 679
topic 1 1515486779.58 704
topic 1 1515486779.76 75
topic 1 1515486780.12 325
topic 1 1515486780.34 826
topic 1 1515486780.78 599
topic 1 1515486781.19 226
topic 1 1515486781.56 232
topic 1 1515486781.83 323
topic 1 1515486782.24 223
topic 1 1515486782.57 243
topic 1 1515486782.71 846
topic 1 1515486782.83 922
topic 1 1515486782.97 243
topic 1 1515486783.24 985
topic 1 1515486783.63 416
topic 1 1515486783.8 517
topic 1 1515486784.18 835
topic 1 1515486784.63 517
topic 1 1515486784.75 256
topic 1 1515486784.89 203
topic 1 1515486785.23 669
topic 1 1515486785.44 405
topic 1 1515486785.57 262
topic 1 1515486785.67 315
topic 1 1515486786.04 525
topic 1 1515486786.33 406
topic 1 1515486786.45 576
topic 1 1515486786.55 806
topic 1 1515486786.66 404
topic 1 1515486786.76 879
topic 1 1515486786.86 861
topic 1 1515486787.05 705
topic 1 1515486787.39 787
topic 1 1515486787.51 823
topic 1 1515486787.61 658
topic 1 1515486788.02 673
topic 1 1515486788.21 652
topic 1 1515486788.52 172
topic 1 1515486788.86 324
topic 1 1515486789.02 203
topic 1 1515486789.33 673
topic 1 1515486789.63 137
topic 1 1515486789.75 725
topic 1 1515486789.85 364
topic 1 1515486789.95 140
topic 1 1515486790.3 1002
topic 1 1515486790.64 724
topic 1 1515486790.78 812
topic 1 1515486790.92 581
topic 1 1515486791.26 713
topic 1 1515486791.64 29
topic 1 1515486791.89 337
topic 1 1515486792.31 983
topic 1 1515486792.46 490
topic 1 1515486792.64 9
topic 1 1515486792.75 158
topic 1 1515486792.86 485
topic 1 1515486793.17 995
topic 1 1515486793.27 839
topic 1 1515486793.4 530
topic 1 1515486793.5 185
topic 1 1515486793.75 26
topic 1 1515486794.01 706
topic 1 1515486794.19 711
topic 1 1515486794.55 245
topic 1 1515486795.22 61
topic 1 1515486795.68 1012
topic 1 1515486795.84 810
topic 1 1515486796.28 633
topic 1 1515486796.42 139
topic 1 1515486796.61 8
topic 1 1515486797.02 291
topic 1 1515486797.16 493
topic 1 1515486797.36 822
topic 1 1515486797.49 260
topic 1 1515486797.63 779
topic 1 1515486797.87 235
topic 1 1515486798.11 86
topic 1 1515486798.59 30
topic 1 1515486798.72 436
topic 1 1515486799.09 900
topic 1 1515486799.52 815
topic 1 1515486799.87 85
topic 1 1515486799.97 650
topic 1 1515486800.33 630
topic 1 1515486800.46 622
topic 1 1515486800.83 568
topic 1 1515486801.14 68
topic 1 1515486801.54 881
topic 1 1515486801.64 98
topic 1 1515486801.96 110
topic 1 1515486802.07 690
topic 1 1515486802.3 740
topic 1 1515486802.76 405
topic 1 1515486802.87 982
topic 1 1515486803.21 52
topic 1 1515486803.43 824
topic 1 1515486803.66 386
topic 1 1515486803.8 109
topic 1 1515486803.9 536
topic 1 1515486804.21 874
topic 1 1515486804.42 925
topic 1 1515486804.53 163
topic 1 1515486804.76 233
topic 1 1515486805.09 593
topic 1 1515486805.48 257
topic 1 1515486805.78 779
topic 1 1515486805.88 622
topic 1 1515486806.26 875
topic 1 1515486806.59 82
topic 1 1515486806.71 981
topic 1 1515486806.99 75
topic 1 1515486807.09 250
topic 1 1515486807.32 761
topic 1 1515486807.44 319
topic 1 1515486807.71 145
topic 1 1515486807.97 303
topic 1 1515486808.18 723
topic 1 1515486808.31 707
topic 1 1515486808.6 935
topic 1 1515486809.0 488
topic 1 1515486809.11 734
topic 1 1515486809.44 884
topic 1 1515486809.57 586
topic 1 1515486809.96 388
topic 1 1515486810.21 609
topic 1 1515486810.6 349
topic 1 1515486810.7 19
topic 1 1515486810.8 237
topic 1 1515486811.08 293
topic 1 1515486811.26 589
topic 1 1515486811.68 876
topic 1 1515486811.87 678
topic 1 1515486812.05 464
topic 1 1515486812.21 720
topic 1 1515486812.36 844
topic 1 1515486812.5 173
topic 1 1515486812.71 525
topic 1 1515486812.87 870
topic 1 1515486813.05 87
topic 1 1515486813.47 712
topic 1 1515486813.9 844
topic 1 1515486814.23 468
topic 1 1515486814.35 77
topic 1 1515486814.61 585
topic 1 1515486814.79 333
topic 1 1515486814.9 667
topic 1 1515486815.15 585
topic 1 1515486815.43 100
topic 1 1515486815.54 166
topic 1 1515486815.64 76
topic 1 1515486815.8 823
topic 1 1515486816.14 225
topic 1 1515486816.25 409
topic 1 1515486816.58 970
topic 1 1515486816.69 770
topic 1 1515486816.99 177
topic 1 1515486817.22 997
topic 1 1515486817.38 498
topic 1 1515486817.57 22
topic 1 1515486817.88 462
topic 1 1515486818.21 893
topic 1 1515486818.4 231
topic 1 1515486818.58 936
topic 1 1515486818.77 414
topic 1 1515486819.01 315
topic 1 1515486819.15 426
topic 1 1515486819.43 421
topic 1 1515486819.61 134
topic 1 1515486820.0 738
topic 1 1515486820.32 469
topic 1 1515486820.63 227
topic 1 1515486820.95 332
topic 1 1515486821.07 415
topic 1 1515486821.4 793
topic 1 1515486821.57 611
topic 1 1515486821.93 574
topic 1 1515486822.15 968
topic 1 1515486822.27 693
topic 1 1515486822.69 1022
topic 1 1515486822.8 534
topic 1 1515486822.97 926
topic 1 1515486823.5 766
topic 1 1515486823.72 750
topic 1 1515486823.85 987
topic 1 1515486824.06 620
topic 1 1515486824.24 803
topic 1 1515486824.44 724
topic 1 1515486824.82 247
topic 1 1515486825.02 219
topic 1 1515486825.38 191
topic 1 1515486825.51 147
topic 1 1515486825.87 344
topic 1 1515486825.98 788
topic 1 1515486826.22 754
topic 1 1515486826.34 198
topic 1 1515486826.61 657
topic 1 1515486826.81 920
topic 1 1515486827.0 237
topic 1 1515486827.2 233
topic 1 1515486827.56 317
topic 1 1515486827.77 813
topic 1 1515486827.93 545
topic 1 1515486828.12 175
topic 1 1515486828.28 593
topic 1 1515486828.6 968
topic 1 1515486828.7 419
topic 1 1515486829.23 402
topic 1 1515486829.35 224
topic 1 1515486829.71 802
topic 1 1515486829.81 648
topic 1 1515486829.99 121
topic 1 1515486830.41 113
topic 1 1515486830.66 272
topic 1 1515486830.76 165
topic 1 1515486830.86 359
topic 1 1515486831.01 770
topic 1 1515486831.12 293
topic 1 1515486831.4 698
topic 1 1515486831.8 242
topic 1 1515486831.98 315
topic 1 1515486832.27 253
topic 1 1515486832.65 297
topic 1 1515486832.81 906
topic 1 1515486832.96 367
topic 1 1515486833.31 199
topic 1 1515486833.61 41
topic 1 1515486833.9 255
topic 1 1515486834.06 820
topic 1 1515486834.2 920
topic 1 1515486834.3 349
topic 1 1515486834.65 436
topic 1 1515486834.81 160
topic 1 1515486835.05 412
topic 1 1515486835.39 778
topic 1 1515486835.86 306
topic 1 1515486835.98 245
topic 1 1515486836.36 179
topic 1 1515486836.61 165
topic 1 1515486836.83 49
topic 1 1515486837.04 55
topic 1 1515486837.28 163
topic 1 1515486837.61 781
topic 1 1515486838.06 958
topic 1 1515486838.38 726
topic 1 1515486838.54 481
topic 1 1515486838.8 216
topic 1 1515486839.0 148
topic 1 1515486839.11 812
topic 1 1515486839.21 900
topic 1 1515486839.46 915
topic 1 1515486839.61 816
topic 1 1515486839.73 550
topic 1 1515486839.83 12
topic 1 1515486840.15 963
topic 1 1515486840.28 588
topic 1 1515486840.46 895
topic 1 1515486840.85 122
topic 1 1515486840.96 923
topic 1 1515486841.32 236
topic 1 1515486841.44 384
topic 1 1515486841.54 878
topic 1 1515486841.66 17
topic 1 1515486842.23 422
topic 1 1515486842.33 36
topic 1 1515486842.43 974
topic 1 1515486842.84 410
topic 1 1515486843.17 828
topic 1 1515486843.32 722
topic 1 1515486843.75 450
topic 1 1515486844.08 684
topic 1 1515486844.45 72
topic 1 1515486844.55 466
topic 1 1515486844.93 163
topic 1 1515486845.04 399
topic 1 1515486845.26 336
topic 1 1515486845.58 257
topic 1 1515486846.02 297
topic 1 1515486846.23 603
topic 1 1515486846.36 229
topic 1 1515486846.63 172
topic 1 1515486846.93 721
topic 1 1515486847.35 601
topic 1 1515486847.49 571
topic 1 1515486847.68 86
topic 1 1515486847.89 49
topic 1 1515486848.26 387
topic 1 1515486848.78 199
topic 1 1515486849.17 320
topic 1 1515486849.4 404
topic 1 1515486849.72 838
topic 1 1515486850.11 619
topic 1 1515486850.32 865
topic 1 1515486850.42 326
topic 1 1515486850.52 701
topic 1 1515486850.92 660
topic 1 1515486851.31 719
topic 1 1515486851.44 400
topic 1 1515486851.67 416
topic 1 1515486851.79 563
topic 1 1515486852.17 344
topic 1 1515486852.57 943
topic 1 1515486852.69 771
topic 1 1515486853.03 406
topic 1 1515486853.23 186
topic 1 1515486853.54 876
topic 1 1515486853.71 513
topic 1 1515486853.81 271
topic 1 1515486854.02 928
topic 1 1515486854.34 20
topic 1 1515486854.44 734
topic 1 1515486854.58 238
topic 1 1515486854.98 412
topic 1 1515486855.23 337
topic 1 1515486855.4 26
topic 1 1515486855.5 117
topic 1 1515486855.79 171
topic 1 1515486855.91 359
topic 1 1515486856.21 518
topic 1 1515486856.36 93
topic 1 1515486856.75 777
topic 1 1515486857.12 425
topic 1 1515486857.26 203
topic 1 1515486857.64 399
topic 1 1515486858.0 631
topic 1 1515486858.42 102
topic 1 1515486858.78 988
topic 1 1515486859.07 954
topic 1 1515486859.33 431
topic 1 1515486859.72 791
topic 1 1515486859.93 278
topic 1 1515486860.03 324
topic 1 1515486860.43 655
topic 1 1515486860.54 666
topic 1 1515486860.64 24
topic 1 1515486860.74 906
topic 1 1515486861.08 713
topic 1 1515486861.21 362
topic 1 1515486861.31 919
topic 1 1515486861.71 705
topic 1 1515486862.11 945
topic 1 1515486862.31 262
topic 1 1515486862.76 424
topic 1 1515486863.02 493
topic 1 1515486863.2 695
topic 1 1515486863.34 349
topic 1 1515486863.74 501
topic 1 1515486864.04 659
topic 1 1515486864.36 531
topic 1 1515486864.5 785
topic 1 1515486864.83 506
topic 1 1515486865.06 985
topic 1 1515486865.5 26
topic 1 1515486865.94 965
topic 1 1515486866.17 380
topic 1 1515486866.52 569
topic 1 1515486866.95 807
topic 1 1515486867.34 938
topic 1 1515486867.66 169
topic 1 1515486867.93 349
topic 1 1515486868.13 899
topic 1 1515486868.49 44
topic 1 1515486868.66 69
topic 1 1515486868.88 21
topic 1 1515486869.27 304
topic 1 1515486869.49 275
topic 1 1515486869.69 637
topic 1 1515486870.17 172
topic 1 1515486870.3 216
topic 1 1515486870.41 988
topic 1 1515486870.93 708
topic 1 1515486871.23 612
topic 1 1515486871.33 856
topic 1 1515486871.66 625
topic 1 1515486872.01 25
topic 1 1515486872.39 592
topic 1 1515486872.7 593
topic 1 1515486872.82 242
topic 1 1515486873.02 95
topic 1 1515486873.45 338
topic 1 1515486873.79 567
topic 1 1515486874.13 56
topic 1 1515486874.46 836
topic 1 1515486874.6 187
topic 1 1515486874.86 851
topic 1 1515486875.21 841
topic 1 1515486875.48 652
topic 1 1515486875.72 929
topic 1 1515486876.09 831
topic 1 1515486876.28 942
topic 1 1515486876.7 206
topic 1 1515486877.07 965
topic 1 1515486877.2 184
topic 1 1515486877.51 189
topic 1 1515486877.81 285
topic 1 1515486877.91 513
topic 1 1515486878.01 773
topic 1 1515486878.34 998
topic 1 1515486878.64 516
topic 1 1515486879.06 989
topic 1 1515486879.17 610
topic 1 1515486879.37 420
topic 1 1515486879.55 506
topic 1 1515486879.71 379
topic 1 1515486880.05 403
topic 1 1515486880.37 942
topic 1 1515486880.68 230
topic 1 1515486880.88 51
topic 1 1515486880.98 160
topic 1 1515486881.42 864
topic 1 1515486881.7 452
topic 1 1515486881.87 1016
topic 1 1515486881.97 822
topic 1 1515486882.24 232
topic 1 1515486882.36 368
topic 1 1515486882.46 650
topic 1 1515486882.56 866
topic 1 1515486882.73 525
topic 1 1515486883.01 616
topic 1 1515486883.17 215
topic 1 1515486883.44 955
topic 1 1515486883.63 147
topic 1 1515486883.91 956
topic 1 1515486884.17 22
topic 1 1515486884.28 603
topic 1 1515486884.57 182
topic 1 1515486884.83 1022
topic 1 1515486885.06 848
topic 1 1515486885.21 263
topic 1 1515486885.35 383
topic 1 1515486885.51 788
topic 1 1515486885.61 226
topic 1 1515486885.93 75
topic 1 1515486886.17 136
topic 1 1515486886.28 433
topic 1 1515486886.38 406
topic 1 1515486886.49 23
topic 1 1515486886.76 866
topic 1 1515486887.12 658
topic 1 1515486887.35 917
topic 1 1515486887.73 125
topic 1 1515486887.83 836
topic 1 1515486887.94 883
topic 1 1515486888.22 62
topic 1 1515486888.47 1021
topic 1 1515486888.78 158
topic 1 1515486889.0 996
topic 1 1515486889.17 609
topic 1 1515486889.53 551
topic 1 1515486889.94 640
topic 1 1515486890.29 2
topic 1 1515486890.62 853
topic 1 1515486890.83 766
topic 1 1515486891.12 304
topic 1 1515486891.35 207
topic 1 1515486891.73 926
topic 1 1515486892.17 768
topic 1 1515486892.31 543
topic 1 1515486892.41 852
topic 1 1515486892.83 688
topic 1 1515486892.93 166
topic 1 1515486893.04 42
topic 1 1515486893.31 492
topic 1 1515486893.45 605
topic 1 1515486893.55 316
topic 1 1515486893.97 808
topic 1 1515486894.11 780
topic 1 1515486894.4 802
topic 1 1515486894.5 462
topic 1 1515486894.88 165
topic 1 1515486895.0 391
topic 1 1515486895.19 749
topic 1 1515486895.35 286
topic 1 1515486895.57 202
topic 1 1515486895.91 648
topic 1 1515486896.03 409
topic 1 1515486896.29 927
topic 1 1515486896.69 724
topic 1 1515486896.81 30
topic 1 1515486897.13 331
topic 1 1515486897.35 199
topic 1 1515486897.6 177
topic 1 1515486897.75 808
topic 1 1515486898.0 106
topic 1 1515486898.14 1020
topic 1 1515486898.3 499
topic 1 1515486898.65 472
topic 1 1515486898.89 788
topic 1 1515486899.14 720
topic 1 1515486899.38 77
topic 1 1515486899.81 1020
topic 1 1515486900.27 48
topic 1 1515486900.78 262
topic 1 1515486901.25 991
topic 1 1515486901.55 710
topic 1 1515486901.87 34
topic 1 1515486902.22 676
topic 1 1515486902.66 646
topic 1 1515486903.08 629
topic 1 1515486903.18 671
topic 1 1515486903.46 830
topic 1 1515486903.94 509
topic 1 1515486904.22 449
topic 1 1515486904.48 635
topic 1 1515486904.94 241
topic 1 1515486905.24 802
topic 1 1515486905.55 648
topic 1 1515486905.88 886
topic 1 1515486906.03 669
topic 1 1515486906.22 488
topic 1 1515486906.33 188
topic 1 1515486906.51 238
topic 1 1515486906.75 833
topic 1 1515486907.03 970
topic 1 1515486907.23 40
topic 1 1515486907.58 985
topic 1 1515486907.93 23
topic 1 1515486908.03 267
topic 1 1515486908.36 144
topic 1 1515486908.47 285
topic 1 1515486908.66 383
topic 1 1515486908.91 320
topic 1 1515486909.14 1
topic 1 1515486909.26 755
topic 1 1515486909.58 487
topic 1 1515486909.68 306
topic 1 1515486910.1 430
topic 1 1515486910.2 567
topic 1 1515486910.3 494
topic 1 1515486910.58 987
topic 1 1515486910.74 437
topic 1 1515486910.89 275
topic 1 1515486911.17 143
topic 1 1515486911.42 494
topic 1 1515486911.55 660
topic 1 1515486911.77 591
topic 1 1515486912.03 38
topic 1 1515486912.13 445
topic 1 1515486912.53 689
topic 1 1515486912.94 736
topic 1 1515486913.33 324
topic 1 1515486913.5 324
topic 1 1515486913.82 648
topic 1 1515486913.96 315
topic 1 1515486914.23 271
topic 1 1515486914.65 158
topic 1 1515486914.97 856
topic 1 1515486915.12 364
topic 1 1515486915.22 505
topic 1 1515486915.32 557
topic 1 1515486915.62 802
topic 1 1515486915.97 423
topic 1 1515486916.34 610
topic 1 1515486916.58 587
topic 1 1515486916.95 450
topic 1 1515486917.17 930
topic 1 1515486917.6 958
topic 1 1515486917.7 50
topic 1 1515486917.8 734
topic 1 1515486918.16 326
topic 1 1515486918.26 396
topic 1 1515486918.36 587
topic 1 1515486918.79 491
topic 1 1515486919.05 127
topic 1 1515486919.28 842
topic 1 1515486919.66 829
topic 1 1515486919.95 450
topic 1 1515486920.26 90
topic 1 1515486920.36 481
topic 1 1515486920.75 43
topic 1 1515486921.04 187
topic 1 1515486921.4 547
topic 1 1515486921.76 812
topic 1 1515486921.87 105
topic 1 1515486922.3 128
topic 1 1515486922.43 549
topic 1 1515486922.87 351
topic 1 1515486923.26 447
topic 1 1515486923.39 852
topic 1 1515486923.6 154
topic 1 1515486923.78 797
topic 1 1515486923.94 555
topic 1 1515486924.07 130
topic 1 1515486924.17 414
topic 1 1515486924.45 974
topic 1 1515486924.68 523
topic 1 1515486924.9 218
topic 1 1515486925.04 20
topic 1 1515486925.16 560
topic 1 1515486925.44 901
topic 1 1515486925.71 403
topic 1 1515486926.1 355
topic 1 1515486926.51 369
topic 1 1515486926.65 713
topic 1 1515486926.76 558
topic 1 1515486927.15 97
topic 1 1515486927.28 532
topic 1 1515486927.57 672
topic 1 1515486927.67 422
topic 1 1515486927.77 219
topic 1 1515486927.92 930
topic 1 1515486928.07 600
topic 1 1515486928.22 389
topic 1 1515486928.34 218
topic 1 1515486928.47 202
topic 1 1515486928.67 843
topic 1 1515486928.91 650
topic 1 1515486929.09 508
topic 1 1515486929.24 585
topic 1 1515486929.64 585
topic 1 1515486929.76 235
topic 1 1515486929.86 492
topic 1 1515486930.2 554
topic 1 1515486930.46 704
topic 1 1515486930.88 48
topic 1 1515486931.35 232
topic 1 1515486931.63 77
topic 1 1515486931.93 743
topic 1 1515486932.03 979
topic 1 1515486932.2 937
