topic 2 1515486627.4 859
topic 2 1515486627.62 895
topic 2 1515486628.55 776
topic 2 1515486629.79 715
topic 2 1515486631.28 331
topic 2 1515486632.32 848
topic 2 1515486633.23 873
topic 2 1515486633.84 857
topic 2 1515486634.82 482
topic 2 1515486636.1 180
topic 2 1515486636.33 641
topic 2 1515486637.52 677
topic 2 1515486637.97 305
topic 2 1515486638.33 888
topic 2 1515486639.79 76
topic 2 1515486641.2 149
topic 2 1515486642.53 646
topic 2 1515486642.75 319
topic 2 1515486642.98 715
topic 2 1515486643.18 643
topic 2 1515486643.86 743
topic 2 1515486645.06 320
topic 2 1515486646.2 734
topic 2 1515486646.95 226
topic 2 1515486648.53 543
topic 2 1515486649.06 956
topic 2 1515486650.66 651
topic 2 1515486651.46 895
topic 2 1515486652.05 196
topic 2 1515486652.15 573
topic 2 1515486652.49 868
topic 2 1515486653.4 176
topic 2 1515486653.84 843
topic 2 1515486654.03 242
topic 2 1515486654.93 33
topic 2 1515486655.09 690
topic 2 1515486655.95 128
topic 2 1515486656.25 618
topic 2 1515486657.67 322
topic 2 1515486659.25 106
topic 2 1515486660.34 650
topic 2 1515486660.73 328
topic 2 1515486661.59 993
topic 2 1515486663.04 782
topic 2 1515486663.5 751
topic 2 1515486664.63 376
topic 2 1515486665.65 284
topic 2 1515486666.34 219
topic 2 1515486667.12 865
topic 2 1515486667.75 341
topic 2 1515486668.51 663
topic 2 1515486669.53 215
topic 2 1515486670.07 952
topic 2 1515486671.05 601
topic 2 1515486672.12 784
topic 2 1515486673.51 738
topic 2 1515486674.19 705
topic 2 1515486674.67 538
topic 2 1515486675.84 714
topic 2 1515486676.15 126
topic 2 1515486677.52 768
topic 2 1515486679.06 762
topic 2 1515486680.2 46
topic 2 1515486680.48 415
topic 2 1515486681.83 44
topic 2 1515486681.97 759
topic 2 1515486682.1 52
topic 2 1515486683.75 926
topic 2 1515486683.98 34
topic 2 1515486684.29 557
topic 2 1515486685.5 965
topic 2 1515486686.04 466
topic 2 1515486687.58 185
topic 2 1515486688.08 491
topic 2 1515486688.61 336
topic 2 1515486689.85 716
topic 2 1515486691.35 722
topic 2 1515486692.1 700
topic 2 1515486693.45 487
topic 2 1515486694.72 179
topic 2 1515486695.89 529
topic 2 1515486696.86 740
topic 2 1515486698.1 905
topic 2 1515486698.69 441
topic 2 1515486700.02 53
topic 2 1515486701.28 976
topic 2 1515486702.87 456
topic 2 1515486703.12 697
topic 2 1515486703.92 744
topic 2 1515486704.8 761
topic 2 1515486706.2 249
topic 2 1515486706.51 533
topic 2 1515486706.79 846
topic 2 1515486708.02 39
topic 2 1515486709.16 871
topic 2 1515486710.49 63
topic 2 1515486711.39 916
topic 2 1515486712.49 64
topic 2 1515486713.37 687
topic 2 1515486713.77 881
topic 2 1515486715.29 520
topic 2 1515486716.53 856
topic 2 1515486717.21 580
topic 2 1515486718.52 542
topic 2 1515486719.21 544
topic 2 1515486719.32 884
topic 2 1515486719.56 645
topic 2 1515486719.69 598
topic 2 1515486721.19 145
topic 2 1515486721.51 688
topic 2 1515486722.63 440
topic 2 1515486722.99 108
topic 2 1515486723.94 87
topic 2 1515486725.17 879
topic 2 1515486726.41 612
topic 2 1515486726.77 847
topic 2 1515486727.75 174
topic 2 1515486728.89 474
topic 2 1515486730.38 419
topic 2 1515486731.5 8
topic 2 1515486732.48 674
topic 2 1515486732.9 525
topic 2 1515486733.22 686
topic 2 1515486734.4 827
topic 2 1515486735.36 30
topic 2 1515486736.63 786
topic 2 1515486736.74 997
topic 2 1515486736.93 981
topic 2 1515486738.38 983
topic 2 1515486739.53 287
topic 2 1515486740.38 20
topic 2 1515486741.64 712
topic 2 1515486743.13 162
topic 2 1515486743.34 375
topic 2 1515486744.16 706
topic 2 1515486744.68 425
topic 2 1515486745.38 986
topic 2 1515486745.69 992
topic 2 1515486746.41 313
topic 2 1515486746.56 502
topic 2 1515486746.93 31
topic 2 1515486748.25 166
topic 2 1515486748.98 243
topic 2 1515486750.35 144
topic 2 1515486751.32 861
topic 2 1515486751.78 914
topic 2 1515486752.07 148
topic 2 1515486753.52 720
topic 2 1515486753.65 706
topic 2 1515486754.0 342
topic 2 1515486754.19 410
topic 2 1515486755.04 479
topic 2 1515486756.15 511
topic 2 1515486757.3 35
topic 2 1515486758.34 914
topic 2 1515486758.48 826
topic 2 1515486758.65 720
topic 2 1515486759.84 466
topic 2 1515486760.29 865
topic 2 1515486760.72 576
topic 2 1515486761.36 832
topic 2 1515486762.1 299
topic 2 1515486763.4 227
topic 2 1515486764.26 249
topic 2 1515486764.45 738
topic 2 1515486765.81 529
topic 2 1515486767.15 61
topic 2 1515486767.41 82
topic 2 1515486767.6 934
topic 2 1515486768.76 638
topic 2 1515486769.76 115
topic 2 1515486770.31 294
topic 2 1515486771.33 717
topic 2 1515486772.0 388
topic 2 1515486773.3 297
topic 2 1515486774.72 294
topic 2 1515486776.0 665
topic 2 1515486777.15 40
topic 2 1515486778.4 893
topic 2 1515486779.64 29
topic 2 1515486780.98 276
topic 2 1515486781.2 916
topic 2 1515486782.51 74
topic 2 1515486783.47 546
topic 2 1515486784.55 517
topic 2 1515486785.75 874
topic 2 1515486786.08 867
topic 2 1515486787.12 578
topic 2 1515486787.68 985
topic 2 1515486788.38 926
topic 2 1515486790.01 57
topic 2 1515486790.97 293
topic 2 1515486791.37 684
topic 2 1515486792.45 574
topic 2 1515486793.59 917
topic 2 1515486794.86 817
topic 2 1515486796.26 305
topic 2 1515486797.54 1012
topic 2 1515486798.98 535
topic 2 1515486800.11 279
topic 2 1515486801.41 737
topic 2 1515486802.59 621
topic 2 1515486802.82 269
topic 2 1515486803.62 301
topic 2 1515486805.08 594
topic 2 1515486806.62 703
topic 2 1515486806.96 567
topic 2 1515486808.26 111
topic 2 1515486808.7 829
topic 2 1515486808.85 918
topic 2 1515486810.22 167
topic 2 1515486810.84 813
topic 2 1515486812.25 209
topic 2 1515486813.15 1007
topic 2 1515486814.52 230
topic 2 1515486815.76 927
topic 2 1515486816.18 486
topic 2 1515486816.5 356
topic 2 1515486818.01 1013
topic 2 1515486818.86 898
topic 2 1515486819.26 618
topic 2 1515486819.95 794
topic 2 1515486821.51 509
topic 2 1515486822.56 457
topic 2 1515486822.9 874
topic 2 1515486823.04 324
topic 2 1515486823.39 755
topic 2 1515486824.85 193
topic 2 1515486825.64 488
topic 2 1515486826.05 284
topic 2 1515486827.18 369
topic 2 1515486827.84 587
topic 2 1515486828.95 481
topic 2 1515486829.09 585
topic 2 1515486829.9 731
topic 2 1515486830.7 858
topic 2 1515486832.27 161
topic 2 1515486833.0 862
topic 2 1515486834.45 808
topic 2 1515486834.96 915
topic 2 1515486835.32 325
topic 2 1515486836.83 697
topic 2 1515486837.51 451
topic 2 1515486837.64 569
topic 2 1515486838.13 435
topic 2 1515486839.72 539
topic 2 1515486840.97 150
topic 2 1515486841.35 634
topic 2 1515486842.93 723
topic 2 1515486844.46 484
topic 2 1515486846.06 40
topic 2 1515486847.27 862
topic 2 1515486847.45 95
topic 2 1515486848.36 330
topic 2 1515486849.04 188
topic 2 1515486849.41 560
topic 2 1515486849.72 574
topic 2 1515486850.08 1021
topic 2 1515486851.0 268
topic 2 1515486851.87 804
topic 2 1515486852.88 277
topic 2 1515486853.97 48
topic 2 1515486854.45 994
topic 2 1515486855.21 698
topic 2 1515486856.41 314
topic 2 1515486856.79 436
topic 2 1515486857.74 465
topic 2 1515486858.1 368
topic 2 1515486858.41 550
topic 2 1515486859.72 985
topic 2 1515486859.82 860
topic 2 1515486860.02 603
topic 2 1515486861.09 410
topic 2 1515486862.41 281
topic 2 1515486862.99 127
topic 2 1515486863.23 278
topic 2 1515486863.66 481
topic 2 1515486864.23 370
topic 2 1515486864.45 920
topic 2 1515486865.91 240
topic 2 1515486866.71 602
topic 2 1515486866.85 81
topic 2 1515486868.28 182
topic 2 1515486869.14 912
topic 2 1515486870.29 421
topic 2 1515486870.81 187
topic 2 1515486870.93 165
topic 2 1515486871.58 728
topic 2 1515486871.92 544
topic 2 1515486872.03 612
topic 2 1515486872.97 295
topic 2 1515486874.29 769
topic 2 1515486875.69 158
topic 2 1515486875.91 570
topic 2 1515486876.04 960
topic 2 1515486876.75 317
topic 2 1515486878.3 848
topic 2 1515486879.13 547
topic 2 1515486880.17 96
topic 2 1515486880.98 735
topic 2 1515486882.19 1020
topic 2 1515486882.54 695
topic 2 1515486883.4 3
topic 2 1515486884.25 1001
topic 2 1515486884.91 385
topic 2 1515486885.24 379
topic 2 1515486886.11 926
topic 2 1515486886.97 740
topic 2 1515486888.0 652
topic 2 1515486889.63 838
topic 2 1515486890.33 428
topic 2 1515486891.66 271
topic 2 1515486892.72 24
topic 2 1515486893.87 941
topic 2 1515486895.11 915
topic 2 1515486895.85 139
topic 2 1515486896.94 351
topic 2 1515486897.27 490
topic 2 1515486897.6 916
topic 2 1515486898.6 956
topic 2 1515486898.82 467
topic 2 1515486899.55 526
topic 2 1515486900.43 78
topic 2 1515486901.4 27
topic 2 1515486902.92 760
topic 2 1515486904.25 926
topic 2 1515486904.85 226
topic 2 1515486906.39 846
topic 2 1515486907.01 216
topic 2 1515486907.99 931
topic 2 1515486909.14 21
topic 2 1515486910.48 207
topic 2 1515486911.51 123
topic 2 1515486912.56 795
topic 2 1515486912.89 955
topic 2 1515486913.28 574
topic 2 1515486914.48 588
topic 2 1515486914.85 937
topic 2 1515486916.08 880
topic 2 1515486916.25 695
topic 2 1515486917.28 626
topic 2 1515486918.15 961
topic 2 1515486919.39 383
topic 2 1515486920.73 759
topic 2 1515486922.0 70
topic 2 1515486922.54 302
topic 2 1515486922.9 81
topic 2 1515486924.28 998
topic 2 1515486924.39 407
topic 2 1515486925.5 618
topic 2 1515486926.78 807
topic 2 1515486927.32 95
topic 2 1515486928.33 743
topic 2 1515486928.61 963
topic 2 1515486928.75 869
topic 2 1515486930.13 421
topic 2 1515486931.28 442
topic 2 1515486931.85 663
topic 2 1515486932.2 82
topic 2 1515486933.7 307
topic 2 1515486935.03 148
topic 2 1515486935.66 430
topic 2 1515486936.14 1017
topic 2 1515486936.24 418
topic 2 1515486937.61 940
topic 2 1515486938.24 437
topic 2 1515486939.66 61
topic 2 1515486941.21 101
topic 2 1515486941.86 183
topic 2 1515486942.65 117
topic 2 1515486942.77 481
topic 2 1515486943.12 389
topic 2 1515486944.21 985
topic 2 1515486945.53 496
topic 2 1515486945.94 4
topic 2 1515486946.82 624
topic 2 1515486947.03 186
topic 2 1515486948.27 981
topic 2 1515486949.79 508
topic 2 1515486950.5 533
topic 2 1515486951.73 171
topic 2 1515486951.97 506
topic 2 1515486953.07 856
topic 2 1515486953.24 90
topic 2 1515486954.72 867
topic 2 1515486955.36 689
topic 2 1515486956.55 470
topic 2 1515486957.33 83
topic 2 1515486958.77 592
topic 2 1515486959.29 41
topic 2 1515486960.62 430
topic 2 1515486961.49 87
topic 2 1515486961.98 775
topic 2 1515486963.58 154
topic 2 1515486964.35 129
