month  count
 08     12593976
 09     14107693
 01     14776615
 10     15004556
 02     13990176
day  count
 17     2431236
 08     2233922
 26     2469275
 18     2352921
 09     2274787
 27     2373310
 19     2417433
 28     2378668
 29     1854638
 01     2124171
 10     2383426
 02     2006942
 20     2401406
 11     2193013
 03     2059374
 21     2347538
 12     2438229
 30     1845331
 04     2111872
 22     2449913
 13     2402759
 31     1454949
 23     2477001
 14     2350537
 05     2368634
 24     2405167
 15     2400693
 06     2324678
 07     2345375
 16     2414154
 25     2381664
lenavg=2.88557
numavg=1.70043
timeavg=741.677
maxlen is 119.60
maxtime is 19920
usedtime is 462.15
